0 0.9794241902675638
1 0.9722273083965473
2 0.9813399339933994
3 0.9793114339861023
4 0.9854295532646048
5 0.9834447544349108
6 0.9782844662987471
7 0.9723356452085572
8 0.9784219956431508
9 0.9796174108741241
10 0.9757078902132643
11 0.9650924024640657
12 0.9800276843978644
13 0.9813672215203072
14 0.9593690364036042
15 0.973490294751977
16 0.9775311315646995
17 0.9759627810803825
18 0.9843587069864442
19 0.9716825674796451
20 0.968609865470852
21 0.9730192294574701
22 0.969959495949595
23 0.9669768404936846
24 0.9727251515094185
25 0.9697629659643436
26 0.9766957410779897
27 0.9709011681456402
28 0.9739649295251057
29 0.9798474740240976
30 0.9705386056552974
31 0.9667851385021252
32 0.9594498315441186
33 0.9582063873257106
34 0.9700547590483091
35 0.9695691722484082
36 0.9717739809874129
37 0.9670273024947721
38 0.9772886460741051
39 0.9759953434225844
40 0.9745488361279824
41 0.9792558580824261
42 0.9826761685967462
43 0.9723871210429181
44 0.9742822718019029
45 0.9741194203037244
46 0.9740642994241843
47 0.9824052754035515
48 0.9823600678458929
49 0.9894007905521153
50 0.9817701294410908
51 0.9742024501400678
52 0.9711419589558828
53 0.9708684222770204
54 0.9711019572196206
55 0.9686446643279405
56 0.9571345016084404
57 0.9594041176142387
58 0.9577329755522374
59 0.9571136567343638
60 0.9533985370263829
61 0.961439588688946
62 0.9695676796111701
63 0.9752465992940167
64 0.9449930240858307
65 0.9606162228993769
66 0.9805088292853992
67 0.9836244169815818
68 0.9808927802497488
69 0.9668280663553276
70 0.9661899168566757
71 0.9714201685033649
72 0.9754279064599695
73 0.9822523999063452
74 0.9764511246435988
75 0.981746700365066
76 0.9797290985520785
77 0.9802748162565726
78 0.9877065125867426
79 0.9752190872373402
80 0.9728581220013708
81 0.9738274635482368
82 0.9803238391628893
83 0.9762441738084499
84 0.9855501625328406
85 0.961565735356687
86 0.9667162846085144
87 0.9628271261511869
88 0.981718921623003
89 0.9772414277304616
90 0.9774352257289304
91 0.9817703683262179
92 0.9768639594397291
93 0.9816059426954369
94 0.9885856344729878
95 0.9862013766607972
96 0.9656380057493457
97 0.9725284151833583
98 0.9744706284153005
99 0.9882901705456489
100 0.976710099475142
101 0.9716621341100365
102 0.9790967182930792
103 0.9767059942089114
104 0.9828431372549019
105 0.9739492749757258
106 0.9838157136453864
107 0.9764947645504187
108 0.9723391897778423
109 0.9767000812787863
110 0.9860428543345784
111 0.9813337884806356
112 0.990632318501171
113 0.9865597269277852
114 0.988876726767815
115 0.9818510148904402
116 0.9863286054976779
117 0.9775919982085541
118 0.9755976981945461
119 0.9799666852846827
120 0.988908201744049
121 0.9781322505800464
122 0.9803240740740741
123 0.9779254323216223
124 0.9783451105539093
125 0.9825121516410092
126 0.9781978140187095
127 0.9848707954381406
128 0.9892390320903999
129 0.9826789616039888
130 0.9804554749324426
131 0.982672680948168
132 0.9850068107103835
133 0.978517397881997
134 0.982897624272493
135 0.9465562629525214
136 0.9595324454651971
137 0.9593149477157024
138 0.9235017302911491
139 0.9474901242894306
140 0.9785621409489587
141 0.9722406128818689
142 0.9742655732445007
143 0.9828694891712537
144 0.9830049743814688
145 0.9767416037050575
146 0.9705040843688233
147 0.9788838335657152
148 0.9705596229293312
149 0.9810656118701069
150 0.9684285207520398
151 0.9686427245142883
152 0.9767238393817327
153 0.9811319060680472
154 0.9769957889078039
155 0.9894825109947457
156 0.981206782646994
157 0.987534613939918
158 0.973305954825462
159 0.9854943598863259
160 0.9753239061547573
161 0.9814940496517977
162 0.9855920930853239
163 0.9774452275065761
164 0.9734646094734947
165 0.9756064229586607
166 0.975386462554405
167 0.9753661984539959
168 0.9631274534457993
169 0.9498635217635906
170 0.8772798919162351
171 0.892169497841682
172 0.9010622640551862
173 0.8858050288745609
174 0.9487876709565498
175 0.9680619087436263
176 0.9541565489480289
177 0.9758675920982381
178 0.9740895988421022
179 0.9585238895752739
180 0.9760198321142801
181 0.9742351046698873
182 0.9781846513439812
183 0.985990314691544
184 0.9665268958907391
185 0.9742852579460151
186 0.9860944761174724
187 0.9803338317270328
188 0.9803229575951502
189 0.974601531124498
190 0.9842166512160003
191 0.9823721266332051
192 0.9842829076620825
193 0.98046875
194 0.9766761818561582
195 0.9843402358477745
196 0.9766536964980544
197 0.9824213311055416
198 0.9747759016051699
199 0.9728146944258929
200 0.9766536060179749
201 0.96710273853131
202 0.9652060656805285
203 0.9708545182320097
204 0.9727396779601544
205 0.9784953842888975
206 0.9614619736257796
207 0.9822848237359689
208 0.9765877329804162
209 0.9689274558526839
210 0.9751905076725008
211 0.9752270468883599
212 0.9826396151432755
213 0.9696494490010596
214 0.9865904114819115
215 0.9844975821557609
216 0.9901704214027841
217 0.9841872833467876
218 0.9807917656373714
219 0.9807134773724262
220 0.9784250916783639
221 0.9762935765170714
222 0.9787172642666474
223 0.9823736216268103
224 0.9782400515028367
225 0.9704141774266075
226 0.9862176881807836
227 0.974425550070092
228 0.9821380310066091
229 0.9781428612459431
230 0.9782894085009413
231 0.9585885872385989
232 0.9664526274407024
233 0.9779516769437772
234 0.9624851482299157
235 0.9643604488309634
236 0.9779058994805281
237 0.9627233255901634
238 0.9610868958148683
239 0.978303779643565
240 0.9782632485560847
241 0.9803520162804501
242 0.9859941729338395
243 0.9805929618628209
244 0.9827209375989864
245 0.9769196228109565
246 0.9841336522939884
247 0.9803713527851459
248 0.9730297157622739
249 0.9694683203538121
250 0.973257881354312
251 0.9715870919915677
252 0.9805239935965016
253 0.9883302568594938
254 0.9842990362480003
255 0.9725279271824576
256 0.9764303613481754
257 0.9803047785779653
258 0.9881448869321593
259 0.9556907037358818
260 0.944728610569945
261 0.9560146773552715
262 0.9727149029624502
263 0.9784313725490196
264 0.9648143644778964
265 0.9783054998619332
266 0.9744390150196299
267 0.9785744472175487
268 0.9669416937367763
269 0.9787114823986709
270 0.9747124090914443
271 0.9745364386265892
272 0.97469741843707
273 0.9783413105368903
274 0.9784881289783023
275 0.9730242360379346
276 0.9825011810444305
277 0.9881197608493173
278 0.9861091972501645
279 0.9843958164249729
280 0.9839447175714237
281 0.9863055130168453
282 0.978444491538252
283 0.9803229906314451
284 0.9822240595287309
285 0.9804224229849838
286 0.9845295812457332
287 0.9766009852216748
288 0.9861075766338924
289 0.9762640047334568
290 0.972839600627367
291 0.9804479395551444
292 0.9824096534462247
293 0.9860349838494569
294 0.9861646491722736
295 0.9899396378269618
296 0.9728138501795168
297 0.9788823488890079
298 0.9785496217989611
299 0.9842478063220214
300 0.976691636344559
301 0.9842433345850544
302 0.9862693489218288
303 0.9748171261204245
304 0.9688773892980089
305 0.9805627822134505
306 0.9823817803281869
307 0.9840127958277112
308 0.9819204902395313
309 0.9778725673153825
310 0.9679296867089249
311 0.9652473929059371
312 0.9685651421151349
313 0.9704559338035208
314 0.9450987611854249
315 0.964604351898773
316 0.9472233630920214
317 0.9482026836363214
318 0.8750822349765205
319 0.9437439379243453
320 0.9182793767679942
321 0.94525701724721
322 0.9705521562520659
323 0.2998469703778374
324 0.2840127985206273
325 0.7313751452427919
326 0.20822468460127624
327 0.1745496152903128
328 0.16142488324195747
329 0.18015745316630272
330 0.9672024347792266
331 0.9486988847583643
332 0.9612465480348946
333 0.9819367513438293
334 0.9780018331805683
335 0.9751242938331626
336 0.9791938560385504
337 0.9792804780283809
338 0.9600089939611974
339 0.9768973955885452
340 0.9796670220104094
341 0.9575254959094475
342 0.8078420795333862
343 0.9114212328767123
344 0.971685601250642
345 0.9430085398065174
346 0.9766187329161736
347 0.9818921200030691
348 0.979378002528445
349 0.9663634187215705
350 0.9514928120229897
351 0.9688816017411078
352 0.9640306836820418
353 0.9383065944632826
354 0.9203929427998817
355 0.9099953642620262
356 0.964294207800444
357 0.8225954901058444
358 0.926481644508132
359 0.9459610885358946
360 0.983120974187785
361 0.9737390155940469
362 0.9780152628362727
363 0.9746199534263063
364 0.9597861441209612
365 0.9747374115657014
366 0.9742067446373315
367 0.9837726167072074
368 0.9761430459516923
369 0.9773009988545811
370 0.9815834730173933
371 0.972162774011579
372 0.981693522906793
373 0.9856731962432221
374 0.9822471125777383
375 0.9791880294332564
376 0.9652055446229699
377 0.9851204029852133
378 0.9761121161265012
379 0.9739964183666828
380 0.9874008592200926
381 0.9811004188424386
382 0.977603382289954
383 0.9852715851512812
384 0.9764152267262912
385 0.9738831370173031
386 0.79389813827606
387 0.9705122517679601
388 0.9870956138576021
389 0.9818180346708535
390 0.9837474702876773
391 0.942230625952475
392 0.8043628676084423
393 0.8047139420136199
394 0.8183159167155734
395 0.9075574478742722
396 0.9008808704725876
397 0.8971072867081655
398 0.8968369268310805
399 0.9135196782648712
400 0.8853207049218741
401 0.9119505535337408
402 0.9164438458973738
403 0.9113741072725112
404 0.8926793190432796
405 0.8882736022186932
406 0.8689925671812464
407 0.8717786937150094
408 0.8672350791717418
409 0.8527095498320792
410 0.8553292919216529
411 0.8662813488990238
412 0.9090585640076851
413 0.8793311644245738
414 0.8836649379542949
415 0.8765000013001095
416 0.13565941546503424
417 0.1389450816649892
418 0.13201898429990389
419 0.13296686594386461
420 0.1295539994904616
421 0.1281350564437861
422 0.1257629075011364
423 0.12317978736606958
424 0.11376057691314274
425 0.11527230881236251
426 0.11036348609833305
427 0.10665356439092616
428 0.10792494221804363
429 0.11106780982073265
430 0.10327861021321316
431 0.10715554348280329
432 0.09492371868419722
433 0.09531226977077062
434 0.08873739991326698
435 0.0874903157462014
436 0.07607729106582617
437 0.0757459831675593
438 0.9011373421354765
439 0.07578804012718021
440 0.0680181403432544
441 0.8316557195257187
442 0.9177477569111179
443 0.8437557617847704
444 0.06345691702899053
445 0.06746549522455578
446 0.06824588574803062
447 0.06626783507471071
448 0.06461497579325864
449 0.06711766899270229
450 0.06881926582751155
451 0.068501097127292
452 0.07146474593438748
453 0.07070396557024285
454 0.9639213988258217
455 0.07721482873781194
456 0.834228855721393
457 0.07302981792399005
458 0.9356320684850691
459 0.07853043740904472
460 0.08276700280248833
461 0.9716084928174413
462 0.9636992880120748
463 0.07669591223114894
464 0.972100448210229
465 0.9637744902039185
466 0.9703412952352606
467 0.9768380062305296
468 0.07969478592623994
469 0.07258674216224041
470 0.9209096573208723
471 0.8676758917125406
472 0.8666647728348768
473 0.07498047383493882
474 0.8617581479197305
475 0.9599351990450385
476 0.07248156912092571
477 0.9697782164976357
478 0.9727837611267894
479 0.8613250132766861
480 0.8936947660094582
481 0.9562235749579746
482 0.8828062181720718
483 0.9515159195311262
484 0.9023878701583575
485 0.9095460614152203
486 0.9470069153963486
487 0.9465544978793486
488 0.9262263175695078
489 0.7595903791357149
490 0.7470552665839858
491 0.7963475197598927
492 0.8076885739248617
493 0.8317436918782443
494 0.845410321220358
495 0.8602547289337393
496 0.8599713740458015
497 0.8607743351793644
498 0.8924010217113666
499 0.8730798479087453
500 0.9615467977855117
501 0.9638631845070077
502 0.9671811082186687
503 0.08205891326806447
504 0.08677940107515716
505 0.94170692431562
506 0.9467930298807483
507 0.9517029678533967
508 0.8606340419874545
509 0.9379150990188844
510 0.9504240350572242
511 0.977174380414795
512 0.9651178989575951
513 0.9785726418986144
514 0.9742100042510982
515 0.974493670886076
516 0.9565301077273793
517 0.9604742360950421
518 0.8846204274288711
519 0.914683430624158
520 0.927156543723614
521 0.9226388994451623
522 0.9104683940688917
523 0.9534419217934816
524 0.9346529570744817
525 0.8989757197583749
526 0.94405720250021
527 0.9657282630714854
528 0.9646064898769015
529 0.9693013333333333
530 0.9769548025001062
531 0.9566473282442748
532 0.9318757921419518
533 0.9349632779281021
534 0.928216279609563
535 0.9342162805670623
536 0.9503328244274809
537 0.9434820504439724
538 0.9518010354576943
539 0.9522058370600338
540 0.9514070660522274
541 0.9764192785334121
542 0.953449920508744
543 0.9747450864032688
544 0.9505669939621224
545 0.9926146097926891
546 0.9785369774919614
547 0.9612205135769689
548 0.9837110104806582
549 0.9756694930004725
550 0.9433209039755577
551 0.9552070907169214
552 0.9672622343632716
553 0.9653717939995918
554 0.9686446886446887
555 0.936711943793911
556 0.8548968512486428
557 0.9472346434455166
558 0.9478810254604005
559 0.9157025003657365
560 0.9487727090621737
561 0.9709696433834365
562 0.8557433020512992
563 0.8963775820170109
564 0.889821257368506
565 0.9111474979091833
566 0.9623126667050448
567 0.9738943945542942
568 0.988394584139265
569 0.9837780429365229
570 0.9879499621940832
571 0.9783691624836888
572 0.871663836416872
573 0.9747111706076044
574 0.9715772110138308
575 0.8306265516147731
576 0.9782358847414386
577 0.894064445132226
578 0.8809810077260481
579 0.9066645357199936
580 0.9149425549765711
581 0.912911009960706
582 0.9522431849931318
583 0.9703243899720141
584 0.9528506608798579
585 0.9889293672408305
586 0.9456277584007766
587 0.9794067669259846
588 0.9573159703382167
589 0.9637930386136236
590 0.9820257207601616
591 0.9693113183633869
592 0.9686359761547287
593 0.9752018420479238
594 0.9899681035597149
595 0.9835824302568662
596 0.9722210824340405
597 0.8874115945839358
598 0.8785404642175927
599 0.8966927177682315
600 0.9229679289964118
601 0.7684875250221846
602 0.9147432366693335
603 0.919198389999389
604 0.9787269406898668
605 0.982996784399485
606 0.978220206856137
607 0.8859389738956023
608 0.9215351412217322
609 0.9755168661588683
610 0.9688778781965224
611 0.8835484053111413
612 0.8379820355237387
613 0.8384377634166901
614 0.8610387121080264
615 0.859968558147099
616 0.9358017483907658
617 0.8918165670358745
618 0.724407525042756
619 0.927446746829473
620 0.732653574870627
621 0.7601710718339549
622 0.934874976499342
623 0.9407231772377
624 0.9622947404060266
625 0.9768759142261367
626 0.9761846618724083
627 0.9371774257815613
628 0.9078184700332936
629 0.9062169849654612
630 0.9030757822449341
631 0.8784872360182986
632 0.8939182872958558
633 0.9209732356888257
634 0.9622350602790111
635 0.9315555391287207
636 0.9683807733619764
637 0.9778141087135696
638 0.977286087640147
639 0.9904320422148118
640 0.9846790629889514
641 0.9807823988325757
642 0.9864416421731298
643 0.9806266924564797
644 0.984291747247109
645 0.9803238662884636
646 0.9802857142857143
647 0.9861724640956627
648 0.9827384006450194
649 0.9866136556743672
650 0.9788082056923304
651 0.976381273724167
652 0.9634546718109708
653 0.9863384377136549
654 0.9763831763301049
655 0.9462984226748051
656 0.980787889024625
657 0.9578390865875872
658 0.9772332868103709
659 0.9717293000320629
660 0.9671297664794561
661 0.9782516118910115
662 0.9810947825824557
663 0.985644133947976
664 0.9944338224479868
665 0.777956470870697
666 0.800923007386438
667 0.9005125977410947
668 0.9762479106518767
669 0.9762277104987127
670 0.9708834715381258
671 0.9740425051963327
672 0.982352386416328
673 0.9588210244797408
674 0.9603284770961171
675 0.9873341455903815
676 0.9814848666858172
677 0.9724353643785909
678 0.9697853404606644
679 0.9393589197737364
680 0.936374549819928
681 0.9850951248928146
682 0.9781923093241313
683 0.9654221437257513
684 0.9853905912818299
685 0.9706417968103306
686 0.9701693598005245
687 0.969165648087379
688 0.971164309031556
689 0.9699481865284975
690 0.9705555013179733
691 0.9789372635383139
692 0.9829352932882762
693 0.9835401139357366
694 0.9857319135322883
695 0.9913234754979836
696 0.9715192688556673
697 0.9548126866949523
698 0.9547554908862104
699 0.9738323451992668
700 0.9724503168238107
701 0.9911809555259861
702 0.9799739475228675
703 0.9704538531830643
704 0.9781256993840555
705 0.9911100037373863
706 0.9845188026365852
707 0.9844916106494469
708 0.9921465968586387
709 0.9871548498027714
710 0.9837099139699148
711 0.9939759036144579
712 0.9887640449438202
713 0.9821231261441035
714 0.9740436866201703
715 0.9758482738183435
716 0.9777649806443357
717 0.9765482842035408
718 0.9766320976957028
719 0.9774736748567112
720 0.9764907399956315
721 0.9796154054362929
722 0.969525159461375
723 0.9619766521061639
724 0.9793749342312954
725 0.9707472675458583
726 0.9663183621908855
727 0.9891910055725127
728 0.9825232190512403
729 0.9730175861850041
730 0.9869728732607856
731 0.9746775376385833
732 0.9894736842105263
733 0.9823220550133368
734 0.9821453731390015
735 0.9673084315735521
736 0.9765079983127292
737 0.9721465831173518
738 0.972403752830799
739 0.9713255775847943
740 0.983795748578407
741 0.9742891083228153
742 0.9736214416810943
743 0.9846082921896377
744 0.9790323062223815
745 0.984516921970083
746 0.9709873864707554
747 0.9637260240818055
748 0.9673536980741869
749 0.9803280265499495
750 0.9688089366023502
751 0.9683081773022545
752 0.9669250686916517
753 0.963012544393609
754 0.9631198663183412
755 0.9724523514948397
756 0.9762251184100548
757 0.985655737704918
758 0.9715857566048002
759 0.98084296983127
760 0.9828087607161249
761 0.9655831739961759
762 0.9789741529396009
763 0.982725527831094
764 0.9772325439842323
765 0.9737470167064439
766 0.9716620864413433
767 0.9776240038569525
768 0.9707024355806565
769 0.9759936587022987
770 0.9778582133868733
771 0.9740395332759569
772 0.9702439232046316
773 0.9887145099158225
774 0.9702935240590589
775 0.9777502916496831
776 0.9832812115675181
777 0.9633996287825597
778 0.9670292793422635
779 0.9686681513228848
780 0.9634458932352613
781 0.9650329044298203
782 0.9811581676750216
783 0.9679526344883769
784 0.9809149098596511
785 0.9772727272727273
786 0.9575253991822524
787 0.9664772521625828
788 0.9813692610995118
789 0.9706905974055857
790 0.9642501988862371
791 0.9720911275098678
792 0.9640480511623887
793 0.9717223650385605
794 0.9714017991004498
795 0.9605189837196343
796 0.9828451181018314
797 0.9735819557170119
798 0.9813702659639661
799 0.9701794598572601
800 0.9776587830507424
801 0.9679559029003977
802 0.9789666316240314
803 0.9806304924197723
804 0.9761851088496715
805 0.9583987247643855
806 0.9699728544581332
807 0.966118593232027
808 0.9819522608189404
809 0.9715259675155404
810 0.982028241335045
811 0.9841874770166817
812 0.9802344750253136
813 0.9777301026417634
814 0.9798530991234452
815 0.9811513348937893
816 0.9776920121858612
817 0.9722993714369245
818 0.9819741526730398
819 0.982668191311415
820 0.9758595464520848
821 0.9654052679453449
822 0.966162246648195
823 0.9732660350321877
824 0.9752160371978769
825 0.9731417179661314
826 0.9726435997954662
827 0.9890012548903816
828 0.9831932773109243
829 0.9745423942772985
830 0.9791389212585317
831 0.976
832 0.9698290241868224
833 0.9645239600971052
834 0.9793868767019003
835 0.976426410764577
836 0.9797195580340659
837 0.9769431667576206
838 0.9735402278231231
839 0.9721836734693877
840 0.9866220735785953
841 0.9713930348258707
842 0.9679441193128185
843 0.9752582442937773
844 0.9678478912347832
845 0.9643209470568892
846 0.9808090738468789
847 0.9643682742128338
848 0.9722889282103134
849 0.9731863398307974
850 0.9865096197545826
851 0.9868176590285764
852 0.9685865010963246
853 0.964278560459371
854 0.9788219571275618
855 0.9828442267847052
856 0.9692554778019961
857 0.982702993367987
858 0.9759225222677789
859 0.9782929770599315
860 0.9832143363752424
861 0.9849545708408821
862 0.98038089316609
863 0.9871308148178882
864 0.9756572820402608
865 0.9923954372623575
866 0.9828673356284546
867 0.969362882963963
868 0.9804763491780535
869 0.9841023683415248
870 0.9428744354951348
871 0.970922018139556
872 0.9703066832121964
873 0.954591654533967
874 0.9647000193803815
875 0.9499893654732364
876 0.6087974577688576
877 0.9796388184603898
878 0.94650282962824
879 0.0
880 0.0
881 0.0
882 0.0
883 0.0
884 0.008456731422361093
885 0.9850956194278714
886 0.9710094382806199
887 0.9544244575300476
888 0.933631427658895
889 0.0
890 0.0
891 0.004638895353347296
892 0.02255578093306288
893 0.9689214203003896
894 0.9735355484631815
895 0.9859759036144579
896 0.9506381540021976
897 0.9756207534555406
898 0.9892857142857143
899 0.9584468664850136
900 0.9677213700771864
901 0.9588974274307327
902 0.9812822850197508
903 0.9554503578316518
904 0.9753494968595935
905 0.9633129222972973
906 0.9726315789473684
907 0.9357588228511623
908 0.9480942499146287
909 0.9404053717094717
910 0.9236017090710882
911 0.9121502711633086
912 0.966804979253112
913 0.9774268974653046
914 0.8716166163314149
915 0.9199254506770463
916 0.9434668663421939
917 0.9013835121409428
918 0.9417310372116229
919 0.8936946678380753
920 0.9457748155201142
921 0.9869947275922671
922 0.9735639810426541
923 0.984760908831638
924 0.9452239130864979
925 0.9345229065533981
926 0.9212692656391659
927 0.9230438521066208
928 0.9828142385623054
929 0.981334466186974
930 0.9362416396236647
931 0.854654443529662
932 0.9136116258088299
933 0.9644315104482438
934 0.9816007643233581
935 0.9716987012987013
936 0.9688383216175085
937 0.9818091099977131
938 0.964887041773231
939 0.9547313998294602
940 0.9690190713768407
941 0.980087905575584
942 0.9774861521967877
943 0.9706409722347997
944 0.9563970269880213
945 0.927348934683898
946 0.9507478510781848
947 0.93246762544859
948 0.9703099414631277
949 0.9254016832440703
950 0.9648894913212094
951 0.9468908010290074
952 0.9706267372007532
953 0.9736556835656843
954 0.9631226981973251
955 0.9377386464346947
956 0.9664154023429998
957 0.9623273833574977
958 0.9758394927866112
959 0.9544791258853258
960 0.941101152368758
961 0.9711247775025664
962 0.951434940354608
963 0.967694034665936
964 0.9706183331887954
965 0.7624478253875526
966 0.9556597099398656
967 0.9666714244932915
968 0.9611153057922555
969 0.9739618984967419
970 0.9517851979111739
971 0.9657552853193563
972 0.9550475357530408
973 0.9549750727046116
974 0.9421877091980185
975 0.9703504043126685
976 0.9663480684986061
977 0.9733717920554722
978 0.9892475155603134
979 0.9784218162878083
980 0.9394556928740468
981 0.9668826846268306
982 0.9576867884817756
983 0.9557170985898685
984 0.9866712673140434
985 0.9868395736329704
986 0.9798314268512944
987 0.9419669343036823
988 0.9688194676686405
989 0.9488421866175203
990 0.9483903934593766
991 0.9330117420520303
992 0.9629058122295846
993 0.9150490006639119
994 0.8432148595164387
995 0.9618092759834685
996 0.9608371230517904
997 0.9683402448209214
998 0.969675050077899
999 0.9658310626702997
1000 0.961065879892441
1001 0.8142831095799706
1002 0.8637865634287502
1003 0.9452986813659888
1004 0.8790628957365977
1005 0.9711782338021674
1006 0.9065339038841344
1007 0.9303976188659085
1008 0.9696969696969697
1009 0.932760776213513
1010 0.9706430487337583
1011 0.9519521416261381
1012 0.9635592734773392
1013 0.9649461673283972
1014 0.9329157405536472
1015 0.954683698296837
1016 0.9618404326911094
1017 0.9777788828936353
1018 0.9661933503122493
