0000 569 154 890 626
0001 571 153 888 628
0002 573 155 890 627
0003 572 154 890 626
0004 569 154 891 627
0005 572 154 890 626
0006 571 153 890 628
0007 571 153 888 627
0008 568 153 891 629
0009 565 153 892 627
0010 562 151 891 628
0011 561 152 890 629
0012 558 152 894 628
0013 555 152 894 626
0014 554 151 892 627
0015 552 151 897 628
0016 552 152 897 627
0017 553 153 897 626
0018 552 153 896 626
0019 554 154 894 627
0020 558 155 894 626
0021 558 155 894 628
0022 560 157 893 627
0023 563 157 893 628
0024 565 157 897 628
0025 565 157 893 629
0026 566 157 894 626
0027 565 157 893 626
0028 563 157 894 627
0029 563 157 897 627
0030 563 157 898 626
0031 560 157 899 628
0032 559 157 900 628
0033 558 155 900 628
0034 555 157 904 627
0035 554 155 904 628
0036 553 155 906 628
0037 552 155 904 628
0038 549 155 906 626
0039 550 154 906 626
0040 550 154 906 626
0041 550 154 905 626
0042 550 153 906 626
0043 552 154 904 628
0044 552 155 902 627
0045 554 157 902 627
0046 555 158 902 628
0047 554 158 903 627
0048 554 159 902 627
0049 552 159 902 627
0050 553 159 903 628
0051 553 160 903 628
0052 552 160 906 628
0053 549 161 908 627
0054 548 161 911 626
0055 546 160 910 626
0056 544 161 910 628
0057 542 160 911 627
0058 538 159 911 626
0059 537 160 912 628
0060 536 159 911 624
0061 536 159 910 628
0062 535 158 911 628
0063 534 157 913 627
0064 536 157 911 629
0065 535 158 911 628
0066 537 158 909 627
0067 537 158 909 628
0068 540 160 909 627
0069 542 159 908 627
0070 544 161 908 628
0071 543 163 910 628
0072 543 165 908 626
0073 540 165 908 628
0074 541 165 906 627
0075 538 166 906 628
0076 536 168 904 626
0077 536 170 906 628
0078 533 170 906 627
0079 531 170 903 628
0080 528 170 904 626
0081 524 171 904 627
0082 523 171 906 627
0083 519 171 906 628
0084 516 171 906 627
0085 515 171 905 626
0086 512 172 908 626
0087 511 173 908 627
0088 506 174 909 626
0089 508 173 911 628
0090 506 173 910 627
0091 505 174 910 627
0092 506 173 911 628
0093 505 174 912 627
0094 504 174 915 627
0095 505 174 913 629
0096 510 174 911 629
0097 508 173 912 627
0098 511 172 916 628
0099 508 173 913 626
0100 511 173 912 628
0101 513 172 912 629
0102 511 172 911 628
0103 511 172 911 628
0104 509 172 910 626
0105 510 171 913 626
0106 506 172 913 628
0107 506 172 913 627
0108 504 172 917 628
0109 503 172 915 628
0110 500 171 918 628
0111 502 171 919 626
0112 498 171 921 627
0113 494 168 919 628
0114 492 167 919 627
0115 491 167 916 627
0116 490 167 918 627
0117 491 166 921 628
0118 487 164 916 628
0119 485 164 916 627
0120 484 163 919 628
0121 486 163 924 629
0122 485 161 925 625
0123 486 161 925 626
0124 483 160 927 628
0125 478 161 926 627
0126 486 159 925 627
0127 483 160 927 627
0128 484 158 927 626
0129 486 159 928 627
0130 488 159 927 626
0131 490 160 929 628
0132 488 159 930 628
0133 490 158 931 627
0134 486 158 932 628
0135 490 158 928 626
0136 488 157 931 628
0137 491 158 930 627
0138 487 159 931 626
0139 487 159 934 628
0140 487 158 934 627
0141 485 158 930 628
0142 488 158 933 628
0143 482 156 935 627
0144 483 157 937 628
0145 483 155 937 628
0146 484 155 937 629
0147 480 155 938 628
0148 483 155 940 628
0149 480 153 941 628
0150 481 154 936 628
0151 477 153 935 629
0152 478 154 936 626
0153 472 152 938 627
0154 471 152 936 627
0155 469 152 941 626
0156 467 149 942 627
0157 466 149 942 628
0158 466 146 940 628
0159 465 146 940 626
0160 466 144 937 628
0161 463 143 938 628
0162 463 141 940 627
0163 463 142 936 627
0164 465 139 935 629
0165 465 136 937 628
0166 464 138 933 628
0167 466 137 935 626
0168 466 136 930 628
0169 465 136 934 629
0170 463 136 935 628
0171 463 133 933 627
0172 462 132 934 626
0173 459 133 932 626
0174 456 129 934 628
0175 453 132 935 628
0176 453 130 929 626
0177 452 128 933 626
0178 447 127 934 628
0179 449 126 928 629
0180 448 126 930 627
0181 445 124 929 628
0182 444 124 930 628
0183 441 124 929 626
0184 444 123 930 628
0185 442 122 930 627
0186 439 122 932 626
0187 438 120 934 626
0188 433 122 936 628
0189 437 120 934 628
0190 437 121 934 626
0191 436 119 937 626
0192 436 120 938 624
0193 435 120 937 627
0194 436 120 940 627
0195 434 121 940 627
0196 435 120 937 627
0197 430 121 937 628
0198 433 120 937 628
0199 432 121 939 627
0200 433 120 936 627
0201 433 122 934 627
0202 433 122 933 626
0203 434 124 935 626
0204 434 124 937 626
0205 433 126 937 624
0206 431 122 934 627
0207 433 130 938 626
0208 434 132 940 626
0209 434 138 950 627
0210 436 138 955 627
0211 436 138 960 627
0212 437 138 959 627
0213 444 139 958 625
0214 440 138 960 626
0215 444 141 963 626
0216 446 140 964 626
0217 449 142 966 628
0218 455 144 969 627
0219 460 146 972 626
0220 460 148 974 627
0221 462 146 977 627
0222 466 148 979 626
0223 467 148 984 627
0224 470 148 984 626
0225 472 150 983 629
0226 473 149 986 624
0227 478 151 985 627
0228 479 149 985 626
0229 484 149 988 626
0230 485 149 986 624
0231 490 151 988 628
0232 491 149 991 627
0233 492 149 994 626
0234 497 151 993 628
0235 499 151 995 628
0236 496 151 998 626
0237 499 148 1000 629
0238 502 148 1003 627
0239 500 148 1005 626
0240 500 146 1006 627
0241 499 146 1008 626
0242 497 145 1011 627
0243 500 144 1013 627
0244 497 142 1013 624
0245 499 142 1018 627
0246 492 142 1018 626
0247 493 139 1022 628
0248 493 140 1018 627
0249 494 141 1017 626
0250 494 140 1022 627
0251 492 140 1013 626
0252 495 142 1016 626
0253 493 139 1013 627
0254 491 138 1010 629
0255 497 139 1008 627
0256 500 139 1008 627
0257 500 138 1010 627
0258 500 137 1009 625
0259 505 139 1005 624
0260 506 139 1012 627
0261 506 136 1011 628
0262 511 136 1012 626
0263 511 136 1010 624
0264 513 138 1012 626
0265 512 137 1015 626
0266 513 137 1014 626
0267 513 136 1017 624
0268 513 138 1021 628
0269 506 137 1021 624
0270 513 135 1024 626
0271 511 136 1024 628
0272 510 136 1028 628
0273 509 135 1029 628
0274 509 135 1030 627
0275 510 136 1023 626
0276 508 136 1029 627
0277 506 135 1031 626
0278 503 135 1034 627
0279 502 135 1034 626
0280 502 135 1033 628
0281 504 136 1033 627
0282 499 134 1035 627
0283 502 134 1032 628
0284 505 134 1036 626
0285 508 133 1031 626
0286 509 134 1031 626
0287 515 132 1035 627
0288 511 132 1036 626
0289 513 129 1037 628
0290 517 130 1037 628
0291 517 128 1035 625
0292 518 128 1036 624
0293 516 129 1038 626
0294 518 129 1038 625
0295 517 129 1040 626
0296 518 129 1040 628
0297 520 130 1042 624
0298 515 132 1042 627
0299 514 130 1046 626
0300 510 131 1043 628
0301 511 132 1047 626
0302 507 132 1048 626
0303 504 132 1048 628
0304 508 130 1050 627
0305 508 134 1052 624
0306 510 136 1055 626
0307 514 141 1058 624
0308 522 143 1055 626
0309 527 143 1054 627
0310 537 138 1040 626
0311 550 149 1024 626
0312 552 154 1012 626
0313 558 154 1010 626
0314 560 161 985 627
0315 552 165 968 627
0316 548 174 943 628
0317 538 179 910 629
0318 530 191 888 629
0319 510 207 867 629
0320 492 222 849 624
0321 474 243 828 628
0322 455 263 824 628
0323 449 279 802 626
0324 440 298 791 626
0325 433 310 780 626
0326 435 316 773 626
0327 438 326 777 626
0328 444 329 784 626
0329 450 332 783 625
0330 452 334 803 627
0331 469 333 834 627
0332 483 333 850 627
0333 491 332 862 626
0334 503 333 890 626
0335 512 333 911 626
0336 519 333 924 626
0337 527 334 937 627
0338 528 336 952 627
0339 533 339 961 626
0340 542 338 981 626
0341 553 335 1008 626
0342 566 329 1055 628
0343 578 321 1105 627
0344 594 315 1153 626
0345 611 305 1160 626
0346 627 296 1205 628
0347 643 288 1217 627
0348 660 277 1225 627
0349 680 270 1234 627
0350 696 261 1236 627
0351 709 260 1259 628
0352 721 263 1258 626
0353 725 267 1240 629
0354 728 276 1211 626
0355 725 288 1178 627
0356 717 293 1158 628
0357 704 301 1144 626
0358 686 302 1131 627
0359 660 295 1127 628
0360 638 286 1130 627
0361 613 271 1153 629
0362 594 252 1149 627
0363 578 236 1163 627
0364 569 222 1179 628
0365 554 209 1176 624
0366 550 193 1205 628
0367 548 182 1223 624
0368 549 173 1230 627
0369 553 163 1244 629
0370 558 153 1231 626
0371 562 145 1224 628
0372 574 134 1215 627
0373 578 128 1199 626
0374 575 118 1188 627
0375 544 114 1185 629
0376 485 104 1191 628
0377 387 96 1196 628
0378 344 91 1199 627
0379 315 91 1202 628
0380 290 91 1192 626
0381 266 90 1185 627
0382 235 90 1172 629
0383 213 91 1163 626
0384 169 93 1167 628
0385 118 91 1162 626
0386 75 92 1161 628
0387 24 91 1162 627
0388 2 92 1165 627
0389 1 93 1154 627
0390 1 92 1135 626
0391 1 92 1123 627
0392 1 91 1113 628
0393 12 91 1108 628
0394 37 93 1099 628
0395 62 91 1099 628
0396 80 92 1086 627
0397 104 93 1082 627
0398 127 93 1080 628
0399 141 91 1069 629
0400 153 91 1059 628
0401 166 92 1046 626
0402 179 94 1036 627
0403 187 92 1033 628
0404 181 90 1027 627
0405 194 91 1002 626
0406 184 91 986 627
0407 178 91 977 624
0408 173 92 959 626
0409 154 91 935 626
0410 140 95 916 627
0411 144 90 899 626
0412 129 90 894 626
0413 127 93 879 626
0414 128 97 863 627
0415 127 97 854 626
0416 128 102 840 630
0417 124 98 835 626
0418 116 101 819 628
0419 119 101 819 626
0420 118 102 805 624
0421 112 99 802 624
0422 110 99 792 628
0423 111 97 785 624
0424 115 89 771 626
0425 116 92 768 626
0426 112 92 759 629
0427 105 91 755 624
0428 110 93 755 627
0429 109 91 752 624
0430 116 92 744 626
0431 108 92 743 629
0432 118 92 737 628
0433 112 90 737 627
0434 111 92 733 627
0435 108 92 734 626
0436 110 92 735 627
0437 117 91 738 627
0438 118 93 742 629
0439 123 92 747 628
0440 125 92 740 627
0441 129 95 746 627
0442 135 95 746 626
0443 135 98 749 628
0444 143 99 744 629
0445 147 101 756 628
0446 152 99 759 627
0447 159 97 755 627
0448 149 99 756 628
0449 161 97 760 626
0450 160 99 765 628
0451 162 99 765 626
0452 165 102 767 627
0453 167 98 769 626
0454 173 99 769 626
0455 181 91 775 626
0456 173 93 773 629
0457 173 96 775 629
0458 181 95 780 627
0459 178 91 780 626
0460 175 92 784 626
0461 178 92 785 627
0462 174 91 787 626
0463 173 93 787 626
0464 181 92 791 626
0465 180 95 790 628
0466 184 92 788 626
0467 190 92 790 627
0468 187 91 792 628
0469 188 91 785 627
0470 196 92 796 627
0471 200 93 796 627
0472 202 91 791 628
0473 206 92 794 628
0474 205 93 796 628
0475 204 92 797 626
0476 213 92 794 627
0477 212 92 799 627
0478 216 92 798 629
0479 212 91 800 629
0480 217 91 799 628
0481 212 91 798 627
0482 212 93 800 626
0483 208 93 798 628
0484 209 93 790 627
0485 204 91 792 626
0486 202 91 799 628
0487 203 93 792 627
0488 205 90 788 624
0489 200 90 802 624
0490 205 93 812 627
0491 205 91 794 625
0492 204 99 809 626
0493 204 97 809 624
0494 212 100 813 624
0495 205 102 805 626
0496 203 102 811 626
0497 204 104 816 628
0498 200 104 818 626
0499 204 102 804 628
0500 209 103 823 629
0501 205 104 827 628
0502 210 105 827 627
0503 204 105 823 627
0504 206 103 830 627
0505 204 101 825 626
0506 200 103 819 627
0507 208 105 829 626
0508 206 101 834 628
0509 203 104 834 628
0510 203 104 830 627
0511 203 104 830 627
0512 200 106 829 628
0513 204 104 828 628
0514 204 104 836 627
0515 202 101 834 626
0516 206 103 835 629
0517 203 103 831 626
0518 203 102 841 628
0519 206 102 835 626
0520 209 104 837 627
0521 205 104 834 626
0522 210 104 844 627
0523 209 103 842 628
0524 213 105 844 626
0525 217 103 844 627
0526 210 104 844 627
0527 217 103 847 627
0528 219 102 842 627
0529 218 101 843 626
0530 221 103 847 627
0531 217 102 842 626
0532 217 101 847 627
0533 222 104 854 627
0534 219 104 844 626
0535 221 102 847 628
0536 223 104 848 628
0537 217 104 850 626
0538 222 107 847 627
0539 227 105 849 627
0540 230 102 850 627
0541 225 105 844 627
0542 224 103 853 628
0543 227 105 848 626
0544 233 104 854 627
0545 236 106 849 624
0546 233 104 855 624
0547 238 104 859 628
0548 243 103 852 626
0549 241 104 855 628
0550 238 102 859 628
0551 244 102 858 629
0552 242 102 860 628
0553 246 105 862 628
0554 248 102 859 627
0555 249 102 859 627
0556 252 102 866 627
0557 253 102 860 627
0558 255 104 863 627
0559 256 105 855 629
0560 255 105 860 628
0561 256 104 867 626
0562 258 101 877 630
0563 265 103 865 628
0564 267 103 868 628
0565 269 103 868 624
0566 267 104 866 626
0567 268 108 873 627
0568 277 111 879 628
0569 277 113 884 627
0570 280 114 891 627
0571 282 119 896 629
0572 287 120 905 627
0573 290 122 913 628
0574 292 126 918 628
0575 296 127 918 626
0576 300 130 934 628
0577 305 132 945 628
0578 309 131 955 625
0579 310 133 962 627
0580 315 133 972 627
0581 315 135 983 626
0582 314 137 991 625
0583 316 135 999 627
0584 319 140 1009 628
0585 318 142 1017 626
0586 321 147 1025 628
0587 323 148 1038 626
0588 323 151 1040 627
0589 320 154 1043 627
0590 319 158 1050 627
0591 322 160 1049 627
0592 330 164 1055 629
0593 328 163 1053 626
0594 333 165 1053 626
0595 335 165 1050 627
0596 329 161 1048 626
0597 306 160 1037 627
0598 249 161 1037 628
0599 203 160 1028 628
0600 128 157 1028 628
0601 76 155 1021 627
0602 60 145 1013 629
0603 63 131 1007 626
0604 73 127 1004 628
0605 91 115 991 624
0606 106 106 983 628
0607 124 98 980 627
0608 146 91 983 628
0609 175 90 991 628
0610 200 93 994 627
0611 230 92 1004 627
0612 265 91 1017 627
0613 293 90 1041 627
0614 317 90 1059 628
0615 356 91 1073 627
0616 379 95 1093 628
0617 413 95 1112 626
0618 408 95 1128 627
0619 327 97 1143 628
0620 287 96 1150 627
0621 287 95 1159 627
0622 272 92 1172 627
0623 323 91 1177 626
0624 362 92 1197 626
0625 397 93 1223 626
0626 430 91 1241 626
0627 465 92 1259 628
0628 506 91 1278 628
0629 544 91 1280 626
0630 583 93 1280 627
0631 624 91 1277 627
0632 667 93 1280 627
0633 710 91 1279 624
0634 674 91 1280 624
0635 672 92 1280 626
0636 690 96 1278 628
0637 717 104 1280 628
0638 738 107 1280 628
0639 747 113 1278 625
0640 755 113 1278 627
0641 762 114 1280 627
0642 769 113 1280 628
0643 780 111 1279 627
0644 790 111 1280 626
0645 800 109 1280 628
0646 809 110 1280 628
0647 813 107 1280 626
0648 813 102 1278 629
0649 811 97 1280 629
0650 813 91 1280 626
0651 815 95 1280 627
0652 813 92 1280 627
0653 810 92 1261 628
0654 806 90 1254 626
0655 798 92 1242 626
0656 787 93 1259 629
0657 773 92 1263 626
0658 758 101 1266 628
0659 741 113 1258 626
0660 722 134 1254 627
0661 700 155 1256 628
0662 672 173 1250 627
0663 649 192 1253 627
0664 630 192 1240 626
0665 619 182 1209 626
0666 612 179 1174 627
0667 609 180 1123 627
0668 609 178 1071 628
0669 605 172 1061 628
0670 590 163 1066 628
0671 554 145 1062 629
0672 537 126 1040 626
0673 540 102 1006 629
0674 542 91 965 629
0675 518 101 941 627
0676 466 134 932 626
0677 421 195 903 626
0678 399 254 866 626
0679 393 293 869 628
0680 381 320 869 628
0681 367 330 846 627
0682 355 339 837 628
0683 343 347 829 629
0684 317 346 808 628
0685 296 336 788 626
0686 282 320 783 627
0687 281 299 784 626
0688 280 282 790 626
0689 285 260 805 627
0690 288 243 814 626
0691 291 229 819 627
0692 294 215 825 626
0693 307 208 832 627
0694 322 207 838 627
0695 335 209 842 627
0696 348 204 849 627
0697 365 216 858 629
0698 372 223 860 627
0699 377 218 862 625
0700 377 215 865 629
0701 375 208 869 624
0702 384 202 873 627
0703 400 191 872 627
0704 417 185 877 626
0705 438 173 879 626
0706 461 167 880 628
0707 479 157 879 627
0708 492 153 871 626
0709 500 145 866 626
0710 509 135 867 628
0711 510 129 866 627
0712 508 120 862 627
0713 504 116 855 626
0714 498 110 853 628
0715 490 104 846 629
0716 483 103 837 624
0717 478 105 833 627
0718 473 113 828 626
0719 465 123 817 626
0720 459 138 810 624
0721 456 154 804 624
0722 455 165 797 626
0723 454 170 788 627
0724 449 170 777 626
0725 459 165 772 626
0726 469 159 773 629
0727 474 155 774 627
0728 477 152 772 627
0729 483 148 774 627
0730 487 148 777 627
0731 483 148 771 626
0732 478 153 760 624
0733 479 155 756 624
0734 484 160 755 628
0735 492 163 754 628
0736 493 161 753 627
0737 497 160 753 627
0738 491 155 749 627
0739 487 155 753 627
0740 474 153 750 626
0741 465 153 746 629
0742 465 157 748 626
0743 467 160 753 627
0744 462 167 749 628
0745 459 167 749 624
0746 469 166 753 627
0747 481 162 758 625
0748 491 155 758 628
0749 497 147 755 625
0750 506 145 758 626
0751 513 143 768 630
0752 515 143 771 627
0753 516 146 774 628
0754 510 146 769 629
0755 510 145 772 627
0756 510 143 775 627
0757 506 140 773 628
0758 505 135 769 626
0759 506 127 768 626
0760 507 120 765 624
0761 510 117 763 627
0762 504 109 762 626
0763 501 108 765 629
0764 497 111 763 626
0765 490 117 763 629
0766 487 123 763 626
0767 485 124 763 626
0768 488 121 763 627
0769 494 115 766 626
0770 493 104 759 626
0771 499 95 761 628
0772 504 92 763 626
0773 506 93 768 624
0774 508 91 768 624
0775 510 92 774 627
0776 509 97 775 625
0777 506 98 772 629
0778 502 101 768 627
0779 498 101 764 630
0780 490 99 756 627
0781 490 97 752 629
0782 490 95 748 627
0783 491 97 744 629
0784 488 103 744 627
0785 486 112 744 625
0786 482 126 747 627
0787 477 138 754 627
0788 478 146 762 625
0789 481 149 767 627
0790 488 149 775 628
0791 496 145 781 629
0792 505 138 781 626
0793 513 132 783 629
0794 519 133 784 628
0795 525 136 788 627
0796 525 142 794 626
0797 530 149 798 626
0798 530 152 802 624
0799 531 155 803 626
0800 531 153 800 624
0801 531 149 797 628
0802 529 145 792 626
0803 528 139 785 624
0804 531 139 781 629
0805 531 142 774 626
0806 528 148 773 627
0807 523 153 772 627
0808 518 161 771 624
0809 517 164 772 628
0810 516 165 771 627
0811 515 164 771 626
0812 518 160 771 624
0813 523 159 774 626
0814 530 166 777 626
0815 534 177 784 628
0816 537 188 788 627
0817 540 199 791 629
0818 540 205 792 628
0819 538 213 791 628
0820 533 221 786 628
0821 529 227 777 627
0822 525 230 766 629
0823 525 230 756 628
0824 523 226 747 626
0825 519 221 740 625
0826 512 218 738 628
0827 509 221 740 628
0828 512 229 746 626
0829 512 238 752 624
0830 512 242 759 624
0831 510 242 754 626
0832 505 238 746 628
0833 502 228 742 625
0834 495 220 745 625
0835 490 214 743 626
0836 482 216 735 627
0837 475 222 725 623
0838 471 223 714 626
0839 471 220 708 624
0840 468 210 698 624
0841 460 195 691 627
0842 454 178 686 626
0843 446 166 687 626
0844 442 161 690 627
0845 438 162 693 630
0846 437 166 700 627
0847 434 160 697 630
0848 429 151 692 627
0849 429 138 688 627
0850 429 127 690 629
0851 427 120 691 627
0852 423 118 687 628
0853 419 124 680 629
0854 412 130 674 626
0855 412 128 675 627
0856 422 123 677 625
0857 421 109 679 626
0858 418 101 684 625
0859 417 96 691 627
0860 417 101 698 626
0861 421 110 704 627
0862 412 115 697 624
0863 412 116 693 626
0864 428 108 694 627
0865 433 102 694 625
0866 436 102 693 626
0867 439 107 689 630
0868 433 120 684 627
0869 422 128 673 627
0870 426 135 675 628
0871 425 135 688 629
0872 421 128 688 624
0873 414 122 692 626
0874 412 125 693 624
0875 416 138 694 627
0876 417 149 690 629
0877 411 153 679 624
0878 409 150 665 630
0879 409 139 661 625
0880 406 136 663 624
0881 406 133 664 626
0882 404 139 664 626
0883 399 147 661 624
0884 401 154 674 626
0885 413 154 689 627
0886 413 141 692 624
0887 409 131 697 627
0888 408 122 698 626
0889 416 125 692 626
0890 427 133 692 626
0891 431 139 685 626
0892 440 142 684 627
0893 452 134 685 627
0894 452 130 690 626
0895 448 128 694 627
0896 444 134 697 624
0897 435 146 697 626
0898 424 153 701 624
0899 435 154 717 629
0900 454 146 723 627
0901 459 143 728 626
0902 468 140 736 624
0903 483 146 737 627
0904 498 154 747 626
0905 509 160 746 624
0906 515 161 746 626
0907 526 152 750 628
0908 535 148 762 628
0909 549 145 775 627
0910 554 148 790 626
0911 559 158 791 626
0912 567 165 804 626
0913 583 165 822 626
0914 588 157 827 626
0915 589 148 838 626
0916 596 143 848 627
0917 600 147 844 628
0918 610 153 848 626
0919 610 159 842 626
0920 616 159 831 626
0921 619 155 835 627
0922 621 157 842 626
0923 619 152 838 628
0924 622 159 827 627
0925 609 170 830 624
0926 612 176 844 625
0927 619 173 847 627
0928 619 166 849 628
0929 615 163 855 627
0930 617 161 855 628
0931 627 169 854 627
0932 634 176 852 626
0933 632 175 847 627
0934 636 169 846 624
0935 645 160 847 624
0936 646 160 849 628
0937 646 159 852 626
0938 643 167 847 627
0939 636 174 838 624
0940 635 176 851 628
0941 633 174 854 624
0942 633 164 851 624
0943 627 157 858 627
0944 628 154 858 628
0945 624 154 860 624
0946 615 160 854 627
0947 608 159 835 629
0948 611 155 825 624
0949 608 148 816 628
0950 603 143 817 626
0951 600 141 821 626
0952 593 145 819 629
0953 588 148 834 626
0954 596 147 846 627
0955 608 135 840 627
0956 599 124 842 626
0957 601 117 842 624
0958 602 113 835 624
0959 604 116 816 626
0960 605 117 815 626
0961 598 118 804 629
0962 602 109 804 614
0963 602 102 815 617
0964 602 97 818 626
0965 607 98 824 627
0966 610 105 830 619
0967 616 112 831 624
0968 633 113 846 615
0969 635 110 855 608
0970 636 105 855 617
0971 633 103 865 629
0972 630 105 859 624
0973 631 120 853 627
0974 634 135 853 617
0975 627 142 852 626
0976 629 139 840 622
0977 628 140 840 623
0978 624 142 842 622
0979 621 148 844 628
0980 620 163 840 624
0981 618 173 837 624
0982 627 180 854 623
0983 632 177 847 626
0984 625 168 844 627
0985 619 164 843 626
0986 621 160 838 626
0987 623 164 840 626
0988 618 168 835 626
0989 617 169 827 629
0990 622 161 822 626
0991 628 154 828 624
0992 629 151 830 626
0993 623 146 829 628
0994 617 148 831 624
0995 611 153 827 626
0996 608 157 843 629
0997 611 159 840 627
0998 609 150 831 623
0999 605 144 827 627
1000 609 140 823 627
1001 612 141 821 626
1002 613 148 818 627
1003 608 152 822 626
1004 606 146 818 624
1005 616 136 824 623
1006 611 130 834 624
1007 605 123 836 627
1008 609 122 840 626
1009 615 128 837 620
1010 621 131 850 626
1011 628 130 850 627
1012 640 118 841 624
1013 623 111 835 621
1014 622 103 838 617
1015 621 103 840 627
1016 616 108 843 627
1017 603 113 838 620
1018 602 115 832 605
