0000 567 155 892 623
0000 570 155 892 624
0000 571 155 892 624
0000 570 156 892 624
0000 570 155 892 624
0000 570 155 892 625
0000 570 155 892 624
0000 567 154 891 625
0000 565 154 891 624
0000 562 154 891 624
0000 558 153 891 624
0000 557 153 893 623
0000 554 152 894 624
0000 552 152 896 624
0000 549 153 897 623
0000 548 153 898 624
0000 548 153 898 624
0000 547 152 898 625
0000 549 152 897 625
0000 550 153 897 624
0000 552 154 896 623
0000 555 155 896 622
0000 557 155 896 623
0000 559 155 896 624
0000 561 156 896 623
0000 561 156 895 624
0000 562 156 895 623
0000 561 156 896 623
0000 560 156 897 624
0000 559 156 897 624
0000 556 156 899 624
0000 555 156 902 624
0000 554 156 905 623
0000 552 155 906 624
0000 551 154 907 625
0000 550 156 908 625
0000 548 155 909 625
0000 547 155 908 624
0000 546 154 909 624
0000 546 155 910 626
0000 546 155 909 628
0000 546 155 907 627
0000 547 155 907 627
0000 547 156 906 626
0000 548 157 905 626
0000 549 156 904 625
0000 550 157 904 626
0000 550 157 903 625
0000 550 158 902 625
0000 550 159 903 626
0000 550 159 905 626
0000 550 159 907 626
0000 549 160 912 626
0000 547 161 916 626
0000 545 161 918 627
0000 543 161 918 626
0000 541 160 921 626
0000 539 159 922 626
0000 536 160 923 628
0000 535 160 926 627
0000 534 160 924 627
0000 533 159 922 628
0000 532 159 919 628
0000 532 159 919 627
0000 532 159 924 625
0000 533 159 922 626
0000 536 159 913 625
0000 537 159 912 625
0000 538 160 911 623
0000 538 161 911 622
0000 539 162 911 623
0000 539 163 912 622
0000 539 165 910 622
0000 539 166 908 622
0000 538 166 907 622
0000 537 167 907 623
0000 535 168 909 624
0000 534 169 909 626
0000 532 169 908 626
0000 528 171 907 626
0000 524 171 908 624
0000 522 173 908 624
0000 519 171 908 625
0000 516 172 909 625
0000 515 171 909 625
0000 512 173 915 625
0000 507 172 914 623
0000 506 172 913 622
0000 505 173 911 622
0000 504 173 911 622
0000 503 174 910 621
0000 504 174 912 622
0000 503 173 914 624
0000 503 173 914 624
0000 503 173 914 625
0000 504 173 915 627
0000 505 173 914 623
0000 505 172 915 622
0000 505 172 915 624
0000 508 172 916 625
0000 509 172 916 625
0000 506 172 914 626
0000 509 172 914 624
0000 507 172 913 624
0000 505 172 913 626
0000 503 172 915 625
0000 505 172 916 625
0000 504 172 919 625
0000 502 171 924 626
0000 501 171 921 627
0000 499 171 922 627
0000 499 171 923 627
0000 496 171 923 627
0000 492 170 920 627
0000 491 170 920 627
0000 489 169 920 627
0000 487 168 920 627
0000 486 168 919 627
0000 484 167 920 627
0000 483 167 920 627
0000 482 165 920 628
0000 482 165 926 627
0000 482 163 927 627
0000 483 162 930 627
0000 482 163 932 627
0000 482 162 927 625
0000 482 162 927 626
0000 482 162 926 624
0000 483 161 927 625
0000 484 161 927 624
0000 485 161 928 623
0000 487 160 929 623
0000 487 160 930 623
0000 487 159 931 621
0000 486 160 931 623
0000 486 160 944 623
0000 487 160 942 624
0000 486 160 936 621
0000 487 160 962 621
0000 486 160 951 622
0000 485 159 936 622
0000 485 160 935 622
0000 485 159 936 623
0000 484 157 936 623
0000 483 157 938 621
0000 482 157 939 622
0000 482 156 940 621
0000 480 156 941 622
0000 481 156 944 621
0000 479 156 941 623
0000 476 154 940 622
0000 475 155 939 622
0000 473 154 938 622
0000 471 153 940 622
0000 470 153 940 622
0000 468 152 941 622
0000 467 150 940 621
0000 465 149 943 624
0000 463 148 942 622
0000 462 146 940 622
0000 462 144 940 623
0000 462 144 939 622
0000 462 142 939 623
0000 462 140 939 622
0000 462 140 938 623
0000 461 139 937 623
0000 462 138 938 623
0000 462 138 938 622
0000 461 136 938 623
0000 450 135 936 622
0000 404 134 935 623
0000 413 133 935 622
0000 417 133 936 622
0000 405 132 935 623
0000 438 131 935 623
0000 445 130 935 622
0000 440 130 935 622
0000 444 129 933 623
0000 443 128 932 622
0000 440 128 931 622
0000 442 127 930 622
0000 442 127 930 622
0000 441 126 930 622
0000 439 125 931 624
0000 436 125 932 623
0000 437 124 933 624
0000 437 123 934 624
0000 435 123 936 624
0000 436 123 937 623
0000 436 123 938 623
0000 437 121 939 623
0000 435 121 940 623
0000 437 121 943 623
0000 435 120 942 622
0000 433 121 943 622
0000 432 121 941 622
0000 431 121 940 623
0000 429 122 939 623
0000 428 122 938 623
0000 427 123 937 622
0000 427 123 936 624
0000 424 123 935 621
0000 424 124 936 622
0000 426 125 937 622
0000 426 125 935 623
0000 426 126 936 621
0000 425 127 938 622
0000 429 129 939 623
0000 428 133 942 623
0000 427 136 948 622
0000 427 138 956 624
0000 429 138 957 624
0000 432 139 960 625
0000 432 138 961 625
0000 435 138 961 625
0000 439 139 962 626
0000 443 141 964 627
0000 446 144 965 626
0000 447 145 970 627
0000 452 147 973 626
0000 456 147 977 624
0000 458 148 979 623
0000 459 148 981 624
0000 462 148 983 624
0000 465 149 985 622
0000 466 149 985 623
0000 468 150 986 623
0000 471 150 987 624
0000 476 149 988 623
0000 479 149 990 622
0000 480 149 990 622
0000 481 149 992 622
0000 483 149 994 621
0000 487 150 995 622
0000 489 150 998 623
0000 492 150 1000 623
0000 494 150 1002 622
0000 492 149 1005 623
0000 490 149 1006 623
0000 496 147 1009 624
0000 495 146 1008 623
0000 494 146 1010 623
0000 494 145 1011 623
0000 493 144 1012 625
0000 491 143 1015 624
0000 491 141 1017 625
0000 491 140 1020 623
0000 490 139 1021 622
0000 489 139 1022 622
0000 488 139 1022 623
0000 486 139 1021 623
0000 485 140 1018 623
0000 490 140 1017 624
0000 490 139 1014 625
0000 492 138 1013 625
0000 492 137 1010 622
0000 494 138 1009 623
0000 496 138 1008 623
0000 497 137 1008 623
0000 489 137 1009 623
0000 487 136 1010 622
0000 489 136 1011 622
0000 499 136 1012 624
0000 503 136 1013 624
0000 502 136 1014 623
0000 506 136 1016 623
0000 509 136 1019 623
0000 509 136 1023 623
0000 507 137 1025 622
0000 501 136 1024 622
0000 506 136 1025 622
0000 506 136 1025 621
0000 505 136 1026 622
0000 506 136 1028 622
0000 505 136 1029 622
0000 505 137 1028 623
0000 504 136 1030 623
0000 504 137 1031 624
0000 504 136 1033 623
0000 504 136 1032 623
0000 503 136 1033 622
0000 503 136 1035 623
0000 502 136 1034 622
0000 503 136 1034 623
0000 505 136 1033 622
0000 506 134 1033 621
0000 508 134 1035 623
0000 510 133 1035 621
0000 512 132 1035 621
0000 512 132 1036 621
0000 512 131 1036 621
0000 515 130 1037 621
0000 515 130 1037 621
0000 517 130 1038 621
0000 517 130 1039 621
0000 517 129 1040 621
0000 517 130 1044 620
0000 516 131 1045 621
0000 514 131 1045 621
0000 512 131 1046 621
0000 510 132 1047 621
0000 510 131 1048 621
0000 506 133 1049 622
0000 503 134 1051 621
0000 507 136 1053 621
0000 510 137 1054 621
0000 511 137 1057 621
0000 515 139 1057 620
0000 521 141 1056 621
0000 529 145 1053 621
0000 539 143 1043 620
0000 545 148 1029 620
0000 551 153 1020 621
0000 556 150 1008 620
0000 555 148 986 620
0000 546 168 969 621
0000 537 172 941 620
0000 531 182 914 621
0000 522 156 895 622
0000 504 207 878 624
0000 491 219 876 623
0000 473 240 839 622
0000 459 262 827 625
0000 651 297 931 624
0000 646 302 944 624
0000 431 311 901 623
0000 658 301 971 625
0000 677 303 986 625
0000 690 306 1001 625
0000 676 307 1015 625
0000 456 335 799 625
0000 468 335 821 625
0000 478 334 843 626
0000 491 334 865 625
0000 499 333 888 624
0000 508 333 909 623
0000 516 334 924 623
0000 524 336 937 625
0000 524 337 946 623
0000 531 339 956 624
0000 538 338 979 624
0000 548 335 998 623
0000 563 330 1160 624
0000 576 321 1149 624
0000 590 314 1158 623
0000 607 306 1184 624
0000 623 296 1206 623
0000 642 287 1216 623
0000 660 278 1223 622
0000 677 267 1232 621
0000 692 262 1249 621
0000 707 260 1264 621
0000 718 261 1266 622
0000 725 267 1271 627
0000 726 277 1248 625
0000 725 287 1220 626
0000 716 295 1168 626
0000 703 299 1233 627
0000 686 300 1162 626
0000 660 296 1148 625
0000 638 287 1137 627
0000 612 271 1162 626
0000 594 254 1157 626
0000 579 235 1158 622
0000 564 221 1171 621
0000 555 206 1182 621
0000 549 192 1201 621
0000 544 182 1219 622
0000 544 171 1231 622
0000 550 161 1243 623
0000 557 151 1234 622
0000 565 141 1226 622
0000 573 135 1212 622
0000 575 127 1200 623
0000 572 117 1190 623
0000 544 111 1186 622
0000 498 105 1186 624
0000 391 97 1194 625
0000 354 95 1200 625
0000 321 95 1198 624
0000 288 95 1193 625
0000 267 95 1184 623
0000 241 94 1175 626
0000 216 94 1167 625
0000 173 94 1168 619
0000 123 94 1167 620
0000 281 93 1167 621
0000 35 93 1168 621
0000 3 93 1166 622
0000 3 93 1158 620
0000 2 93 1142 622
0000 46 93 1127 620
0000 201 93 1118 622
0000 211 94 1108 622
0000 216 93 1104 622
0000 140 93 1103 622
0000 157 94 1094 620
0000 186 94 1086 619
0000 208 94 1083 620
0000 201 94 1070 620
0000 236 95 1058 619
0000 231 94 1048 621
0000 238 94 1040 621
0000 244 94 1035 619
0000 256 94 1027 620
0000 264 94 1011 620
0000 265 94 1000 621
0000 252 94 999 620
0000 247 95 979 619
0000 241 95 953 620
0000 234 96 924 619
0000 210 95 925 621
0000 164 96 916 621
0000 213 95 878 625
0000 199 99 871 623
0000 205 99 852 620
0000 653 293 931 585
0000 644 294 924 586
0000 639 293 918 586
0000 638 294 913 584
0000 632 294 908 585
0000 629 293 903 583
0000 621 293 899 581
0000 619 291 895 578
0000 617 290 893 576
0000 613 289 891 574
0000 610 290 890 575
0000 609 294 891 575
0000 610 297 890 582
0000 603 302 891 587
0000 606 308 891 590
0000 597 315 892 596
0000 611 323 892 606
0000 609 330 894 613
0000 614 338 894 620
0000 615 345 896 624
0000 629 352 899 624
0000 630 359 903 623
0000 158 95 731 621
0000 637 368 897 625
0000 641 371 895 624
0000 213 97 731 624
0000 167 96 732 623
0000 214 98 737 623
0000 653 374 909 625
0000 659 374 910 624
0000 661 374 913 624
0000 661 374 915 625
0000 663 373 916 624
0000 665 373 918 625
0000 667 373 919 625
0000 668 373 920 625
0000 667 371 922 625
0000 669 370 927 623
0000 186 99 766 621
0000 668 367 929 625
0000 253 97 765 621
0000 672 366 932 622
0000 203 97 772 621
0000 670 364 942 624
0000 668 361 949 624
0000 179 96 780 621
0000 179 96 781 621
0000 681 355 957 625
0000 182 95 784 621
0000 187 97 785 621
0000 190 95 785 621
0000 191 94 786 621
0000 686 343 970 625
0000 690 339 971 624
0000 228 95 790 621
0000 265 95 791 620
0000 268 95 792 620
0000 698 330 980 618
0000 272 95 791 620
0000 214 95 793 620
0000 702 323 984 611
0000 215 95 794 621
0000 218 95 796 621
0000 278 95 797 620
0000 267 94 797 621
0000 225 95 796 621
0000 269 95 796 620
0000 223 95 794 621
0000 253 96 793 620
0000 240 95 785 620
0000 216 94 791 622
0000 218 94 784 620
0000 234 95 792 619
0000 256 96 722 620
0000 254 96 717 619
0000 245 96 723 620
0000 225 98 721 619
0000 218 99 727 620
0000 220 100 732 620
0000 209 101 732 620
0000 211 104 743 619
0000 211 105 747 620
0000 209 105 768 620
0000 212 105 746 621
0000 211 105 814 620
0000 209 105 819 620
0000 213 104 819 620
0000 718 282 996 574
0000 718 281 997 572
0000 210 103 805 619
0000 210 103 804 620
0000 210 104 809 620
0000 209 104 761 620
0000 206 104 807 620
0000 205 104 809 620
0000 205 104 826 620
0000 205 103 825 620
0000 203 103 831 621
0000 203 103 829 621
0000 203 102 826 621
0000 204 102 820 621
0000 205 103 814 621
0000 206 102 778 621
0000 206 102 788 620
0000 207 102 802 621
0000 209 103 796 621
0000 211 102 797 621
0000 213 102 827 620
0000 214 101 815 620
0000 214 101 793 620
0000 216 101 826 620
0000 217 102 836 619
0000 217 102 830 620
0000 220 102 834 620
0000 221 101 842 621
0000 220 103 826 620
0000 222 102 817 621
0000 225 103 825 620
0000 227 102 816 620
0000 226 103 821 620
0000 226 104 828 621
0000 228 104 831 621
0000 230 104 834 622
0000 231 106 829 623
0000 233 106 832 623
0000 232 105 847 623
0000 232 106 841 623
0000 233 105 843 622
0000 235 105 831 623
0000 236 104 850 623
0000 239 104 850 622
0000 241 104 846 621
0000 241 104 851 621
0000 243 104 849 622
0000 247 104 843 621
0000 248 104 847 620
0000 248 103 855 621
0000 249 103 854 621
0000 249 104 850 621
0000 251 104 829 623
0000 254 104 786 622
0000 256 104 841 620
0000 260 104 843 621
0000 260 104 818 621
0000 262 104 846 620
0000 263 104 862 621
0000 263 104 805 621
0000 263 104 814 620
0000 266 104 812 620
0000 269 104 819 621
0000 271 105 853 622
0000 274 107 876 622
0000 277 111 879 622
0000 280 112 883 623
0000 282 114 888 625
0000 285 116 894 625
0000 289 119 834 622
0000 292 123 909 621
0000 298 127 920 621
0000 298 130 1031 620
0000 303 130 936 621
0000 307 131 1008 621
0000 309 131 1037 621
0000 311 133 1020 621
0000 315 133 1025 621
0000 319 134 1034 621
0000 315 135 1014 620
0000 317 136 1009 621
0000 318 140 1035 623
0000 317 143 1018 623
0000 319 145 1053 623
0000 322 149 1046 623
0000 329 154 1055 623
0000 328 155 1051 621
0000 324 158 1052 623
0000 332 160 1057 624
0000 338 162 1056 622
0000 333 162 1060 623
0000 334 164 1053 623
0000 335 162 1051 623
0000 330 156 1055 623
0000 308 121 1058 623
0000 271 128 1058 624
0000 201 138 1069 622
0000 120 147 1071 626
0000 227 140 1076 624
0000 63 140 1078 624
0000 63 132 1086 627
0000 78 125 1006 623
0000 92 116 1002 623
0000 108 107 992 624
0000 127 100 1077 623
0000 146 95 1040 623
0000 176 95 995 623
0000 200 94 1012 623
0000 232 96 1092 623
0000 262 95 1148 623
0000 295 95 1170 623
0000 323 94 1162 625
0000 353 94 1180 625
0000 386 95 1125 621
0000 425 96 1174 620
0000 535 97 1217 622
0000 328 98 1198 624
0000 468 99 1208 624
0000 446 97 1215 623
0000 279 94 1217 623
0000 325 95 1219 624
0000 361 94 1224 625
0000 392 94 1236 626
0000 437 94 1246 628
0000 506 94 1261 625
0000 567 94 1279 624
0000 607 94 1279 625
0000 645 94 1278 625
0000 694 94 1279 623
0000 729 93 1278 626
0000 749 94 1279 621
0000 687 94 1279 619
0000 704 94 1279 620
0000 701 96 1278 621
0000 715 105 1278 621
0000 740 109 1279 621
0000 746 113 1279 622
0000 753 113 1279 622
0000 759 114 1279 621
0000 768 113 1279 623
0000 778 112 1279 620
0000 788 111 1279 621
0000 797 111 1279 624
0000 807 110 1279 621
0000 812 106 1279 622
0000 813 102 1279 621
0000 811 97 1279 623
0000 811 96 1279 623
0000 812 95 1278 620
0000 812 93 1269 622
0000 809 93 1262 624
0000 804 94 1252 622
0000 796 94 1261 623
0000 784 93 1259 622
0000 770 94 1276 622
0000 754 100 1267 622
0000 738 113 1267 623
0000 718 134 1267 626
0000 693 156 1259 627
0000 667 175 1251 625
0000 643 191 1253 626
0000 629 193 1239 626
0000 618 184 1084 623
0000 611 181 1068 624
0000 608 180 1078 622
0000 604 177 1071 623
0000 601 172 1059 623
0000 584 164 1067 622
0000 550 147 1063 623
0000 532 126 1041 623
0000 536 104 1013 621
0000 538 95 968 620
0000 515 103 941 626
0000 468 136 933 622
0000 416 194 906 622
0000 388 253 867 625
0000 378 295 861 625
0000 374 321 849 626
0000 363 330 846 625
0000 352 337 838 626
0000 339 350 828 625
0000 316 346 809 625
0000 288 336 788 622
0000 280 322 783 621
0000 277 301 785 621
0000 278 285 791 621
0000 280 262 806 622
0000 285 244 820 622
0000 288 230 822 624
0000 291 216 826 623
0000 304 209 834 625
0000 318 207 839 625
0000 333 209 842 625
0000 344 209 848 624
0000 350 215 857 624
0000 360 220 860 621
0000 370 220 862 622
0000 376 214 867 621
0000 376 208 870 622
0000 383 201 875 622
0000 395 192 877 624
0000 413 183 876 623
0000 436 173 879 624
0000 460 166 881 624
0000 477 158 879 623
0000 490 153 872 626
0000 497 146 867 626
0000 507 136 868 625
0000 510 130 866 625
0000 506 120 860 627
0000 501 115 857 625
0000 493 110 854 623
0000 486 105 846 623
0000 478 105 838 623
0000 475 107 833 621
0000 470 113 830 621
0000 462 125 820 625
0000 455 138 813 622
0000 454 153 807 622
0000 452 165 801 621
0000 449 169 791 621
0000 447 168 779 624
0000 454 165 773 621
0000 465 159 775 622
0000 472 154 774 626
0000 476 152 775 625
0000 479 149 775 623
0000 485 149 777 625
0000 480 150 769 624
0000 475 153 760 624
0000 477 157 756 621
0000 483 160 756 623
0000 489 162 757 624
0000 491 160 755 624
0000 494 158 754 623
0000 489 156 751 622
0000 485 154 756 623
0000 474 153 751 620
0000 465 154 748 621
0000 464 158 751 621
0000 465 162 753 625
0000 461 166 751 624
0000 459 168 751 621
0000 466 166 756 623
0000 476 161 761 622
0000 488 155 760 621
0000 495 148 756 622
0000 503 145 761 622
0000 511 143 769 620
0000 512 145 773 622
0000 514 145 777 620
0000 509 147 773 621
0000 509 146 774 620
0000 509 144 776 620
0000 506 140 773 621
0000 501 134 770 622
0000 503 128 768 623
0000 503 120 765 623
0000 506 116 765 622
0000 504 110 764 620
0000 501 109 765 621
0000 497 111 765 618
0000 491 117 765 621
0000 488 122 765 618
0000 485 124 766 620
0000 487 121 767 621
0000 492 114 768 622
0000 491 104 762 624
0000 497 95 763 622
0000 502 94 766 622
0000 504 94 768 623
0000 506 94 771 621
0000 509 94 775 621
0000 507 96 776 623
0000 503 99 774 620
0000 497 101 769 621
0000 495 101 765 621
0000 486 99 758 619
0000 486 97 754 622
0000 487 95 748 623
0000 486 96 744 623
0000 485 103 745 625
0000 484 112 748 625
0000 479 126 752 620
0000 476 137 758 620
0000 477 146 764 621
0000 479 150 770 622
0000 485 149 779 622
0000 493 145 782 622
0000 501 137 785 623
0000 511 132 785 622
0000 515 132 784 622
0000 520 135 790 621
0000 523 142 793 623
0000 526 148 799 623
0000 526 151 802 623
0000 526 155 802 622
0000 527 153 801 622
0000 527 150 799 624
0000 526 145 793 623
0000 526 137 787 624
0000 528 138 781 624
0000 528 141 779 622
0000 526 148 776 622
0000 520 154 774 621
0000 517 161 773 621
0000 515 166 773 622
0000 514 165 772 624
0000 514 164 773 624
0000 516 159 773 623
0000 522 158 776 622
0000 529 166 780 624
0000 533 177 785 623
0000 534 188 789 624
0000 537 198 791 623
0000 539 206 792 623
0000 537 213 792 624
0000 529 220 787 627
0000 524 226 779 625
0000 520 230 767 625
0000 523 232 758 626
0000 521 226 749 623
0000 517 221 743 623
0000 511 219 740 623
0000 509 221 742 627
0000 510 229 748 626
0000 510 237 755 625
0000 512 243 761 628
0000 508 242 758 626
0000 503 238 749 624
0000 497 229 744 623
0000 492 220 744 623
0000 487 215 743 622
0000 480 216 737 625
0000 473 221 727 625
0000 467 223 716 625
0000 466 222 708 625
0000 468 211 700 625
0000 459 194 693 621
0000 452 177 688 620
0000 444 166 689 622
0000 439 160 692 622
0000 436 163 696 623
0000 436 166 703 625
0000 431 161 698 621
0000 427 152 693 620
0000 427 139 691 624
0000 429 127 692 626
0000 425 120 692 628
0000 417 119 688 626
0000 414 124 681 622
0000 410 129 675 622
0000 412 128 678 624
0000 419 122 679 620
0000 421 110 680 620
0000 416 101 686 620
0000 415 96 693 623
0000 417 103 699 621
0000 421 110 705 621
0000 411 115 700 627
0000 411 115 694 624
0000 425 109 694 621
0000 432 102 695 625
0000 433 103 693 624
0000 436 107 691 624
0000 432 119 686 624
0000 421 129 673 622
0000 418 134 679 623
0000 424 134 690 621
0000 418 128 691 620
0000 410 122 699 622
0000 410 124 699 621
0000 411 137 699 620
0000 392 104 746 549
0000 407 153 680 623
0000 406 147 671 623
0000 746 322 953 588
0000 722 324 886 586
0000 683 325 886 582
0000 685 326 886 578
0000 680 327 878 572
0000 668 329 866 578
0000 410 153 689 626
0000 411 142 696 621
0000 404 131 704 624
0000 406 121 716 626
0000 726 305 938 611
0000 695 305 934 602
0000 682 309 918 608
0000 670 320 879 598
0000 449 134 689 626
0000 449 130 692 629
0000 447 128 696 628
0000 444 135 708 627
0000 432 146 700 625
0000 424 153 704 624
0000 431 153 721 623
0000 452 147 726 621
0000 456 144 732 619
0000 466 141 738 623
0000 480 146 741 618
0000 497 155 748 619
0000 505 161 750 623
0000 513 162 749 624
0000 519 154 756 625
0000 535 149 773 626
0000 555 146 782 626
0000 566 149 792 618
0000 573 158 797 624
0000 571 165 808 626
0000 582 165 826 625
0000 588 158 851 606
0000 588 150 842 598
0000 593 144 858 624
0000 599 147 858 606
0000 607 153 853 613
0000 606 160 860 616
0000 613 161 838 623
0000 618 157 835 625
0000 618 157 840 628
0000 619 152 840 625
0000 617 160 833 626
0000 606 169 838 616
0000 607 177 853 615
0000 617 175 863 627
0000 620 165 850 625
0000 614 162 857 625
0000 617 161 866 618
0000 626 167 862 576
0000 634 175 863 608
0000 633 176 851 622
0000 636 169 849 626
0000 644 161 851 625
0000 644 159 850 621
0000 647 159 851 622
0000 648 167 847 622
0000 641 175 841 626
0000 634 176 854 622
0000 632 175 856 626
0000 636 164 852 622
0000 626 158 861 622
0000 627 155 861 616
0000 623 156 867 606
0000 614 159 858 614
0000 605 159 843 618
0000 614 155 828 625
0000 611 150 826 622
0000 600 144 820 623
0000 599 140 831 624
0000 592 144 822 624
0000 586 148 835 619
0000 589 147 847 624
0000 602 134 847 623
0000 598 124 847 621
0000 597 118 846 622
0000 599 112 835 619
0000 601 115 821 622
0000 601 117 816 607
0000 599 116 805 621
0000 598 109 807 622
0000 598 103 816 621
0000 604 98 820 621
0000 602 98 827 513
0000 613 105 830 603
0000 614 112 833 616
0000 631 113 850 621
0000 634 110 855 619
0000 633 106 860 623
0000 630 103 868 624
0000 628 106 866 621
0000 630 120 858 617
0000 629 134 860 619
0000 626 142 856 622
0000 626 139 843 625
0000 629 139 843 626
0000 624 143 843 624
0000 623 149 845 625
0000 623 162 850 625
0000 617 173 843 625
0000 624 181 860 622
0000 629 177 853 624
0000 625 168 846 625
0000 618 165 842 625
0000 618 160 839 625
0000 622 164 841 603
0000 619 168 840 624
0000 614 168 833 625
0000 621 162 831 627
0000 621 154 834 627
0000 625 149 832 628
0000 635 145 832 622
0000 619 147 831 554
0000 614 153 832 625
0000 609 159 848 624
0000 609 158 844 625
0000 607 150 835 621
0000 604 145 832 624
0000 605 140 825 621
0000 611 143 827 549
0000 613 147 827 579
0000 605 151 830 624
0000 608 147 844 623
0000 616 137 828 627
0000 611 130 856 626
0000 617 123 839 624
0000 614 122 838 626
0000 617 127 839 596
0000 618 132 848 623
0000 636 131 851 624
0000 635 120 842 622
0000 622 112 840 624
0000 618 104 846 624
0000 618 103 844 619
0000 612 109 844 619
0000 601 113 839 615
0000 598 117 829 605
